1790008851001100000000000000000000027
1790008851001100000000000000000000035
1790008851001100000000000000000000043
1790008851001100000000000000000000051
1790008851001100000000000000000000061
1790008851001100000000000000000000078
1790008851001100000000000000000000231
1790008851001100000000000000000000272
1790008851001100000000000000000000280
1790008851001100000000000000000000302
1790008851001100000000000000000000329
1790008851001100000000000000000000337
1790008851001100000000000000000000345
1790008851001100000000000000000000353
1790008851001100000000000000000000361
1790008851001100000000000000000000371
1790008851001100000000000000000000388
1790008851001100000000000000000000396
1790008851001100000000000000000000418
1790008851001100000000000000000000401
1790008851001100000000000000000000426
1790008851001100000000000000000000434
1790008851001100000000000000000000442
1790008851001100000000000000000000450
1790008851001100000000000000000000469
1790008851001100000000000000000000477
1790008851001100000000000000000000485
1790008851001100000000000000000000493
1790008851001100000000000000000000507
1790008851001100000000000000000000515
1790008851001100000000000000000000523
1790008851001100000000000000000000531
1790008851001100000000000000000000541
1790008851001100000000000000000000558
1790008851001100000000000000000000566
1790008851001100000000000000000000574
1790008851001100000000000000000000582
1790008851001100000000000000000000590
1790008851001100000000000000000000604
1790008851001100000000000000000000612
1790008851001100000000000000000000620
1790008851001100000000000000000000639
1790008851001100000000000000000000647
1790008851001100000000000000000000655
1790008851001100000000000000000000663
1790008851001100000000000000000000671
1790008851001100000000000000000000681
1790008851001100000000000000000000698
1790008851001100000000000000000000701
1790008851001100000000000000000000711
1790008851001100000000000000000000728
1790008851001100000000000000000000736
1790008851001100000000000000000000744
1790008851001100000000000000000000752
1790008851001100000000000000000000760
1790008851001100000000000000000000779
1790008851001100000000000000000000787
1790008851001100000000000000000000795
1790008851001100000000000000000000809
1790008851001100000000000000000000817
1790008851001100000000000000000000825
1790008851001100000000000000000000833
1790008851001100000000000000000000841
1790008851001100000000000000000000851
1790008851001100000000000000000000868
1790008851001100000000000000000000876
1790008851001100000000000000000000884
1790008851001100000000000000000000892
1790008851001100000000000000000000906
1790008851001100000000000000000000914
1790008851001100000000000000000000922
1790008851001100000000000000000000930
1790008851001100000000000000000000949
1790008851001100000000000000000000957
1790008851001100000000000000000000965
1790008851001100000000000000000000973
1790008851001100000000000000000000981
1790008851001100000000000000000000991
1790008851001100000000000000000001007
1790008851001100000000000000000001015
1790008851001100000000000000000001023
1790008851001100000000000000000001031
1790008851001100000000000000000001041
1790008851001100000000000000000001058
1790008851001100000000000000000001066
1790008851001100000000000000000001074
1790008851001100000000000000000001082
1790008851001100000000000000000001090
1790008851001100000000000000000001104
1790008851001100000000000000000001112
1790008851001100000000000000000001120
1790008851001100000000000000000001139
1790008851001100000000000000000001147
1790008851001100000000000000000001155
1790008851001100000000000000000001163
1790008851001100000000000000000001171
1790008851001100000000000000000001181
1790008851001100000000000000000001198
1790008851001100000000000000000001201
1790008851001100000000000000000001211
1790008851001100000000000000000001228
1790008851001100000000000000000001236
1790008851001100000000000000000001244
1790008851001100000000000000000001252
1790008851001100000000000000000001260
1790008851001100000000000000000001279
1790008851001100000000000000000001287
1790008851001100000000000000000001295
1790008851001100000000000000000001309
1790008851001100000000000000000001317
1790008851001100000000000000000001325
1790008851001100000000000000000001333
1790008851001100000000000000000001341
1790008851001100000000000000000001351
1790008851001100000000000000000001368
1790008851001100000000000000000001376
1790008851001100000000000000000001384
1790008851001100000000000000000001392
1790008851001100000000000000000001406
1790008851001100000000000000000001414
1790008851001100000000000000000001422
1790008851001100000000000000000001430
1790008851001100000000000000000001449
1790008851001100000000000000000001457
1790008851001100000000000000000001465
1790008851001100000000000000000001473
1790008851001100000000000000000001481
1790008851001100000000000000000001491
1790008851001100000000000000000001503
1790008851001100000000000000000001511
1790008851001100000000000000000001521
1790008851001100000000000000000001538
1790008851001100000000000000000001546
1790008851001100000000000000000001554
1790008851001100000000000000000001562
1790008851001100000000000000000001570
1790008851001100000000000000000001589
1790008851001100000000000000000001597
1790008851001100000000000000000001600
1790008851001100000000000000000001619
1790008851001100000000000000000001627
1790008851001100000000000000000001635
1790008851001100000000000000000001643
1790008851001100000000000000000001651
1790008851001100000000000000000001661
1790008851001100000000000000000001678
1790008851001100000000000000000001686
1790008851001100000000000000000001694
1790008851001100000000000000000001708
1790008851001100000000000000000001716
1790008851001100000000000000000001724
1790008851001100000000000000000001732
1790008851001100000000000000000001740
1790008851001100000000000000000001759
1790008851001100000000000000000001767
1790008851001100000000000000000001775
1790008851001100000000000000000001783
1790008851001100000000000000000001791
1790008851001100000000000000000001805
1790008851001100000000000000000001813
1790008851001100000000000000000001821
1790008851001100000000000000000001831
1790008851001100000000000000000001848
1790008851001100000000000000000001856
1790008851001100000000000000000001864
1790008851001100000000000000000001872
1790008851001100000000000000000001880
1790008851001100000000000000000001910
1790008851001100000000000000000001899
1790008851001100000000000000000001902
1790008851001100000000000000000001929
1790008851001100000000000000000001937
1790008851001100000000000000000001945
1790008851001100000000000000000001953
1790008851001100000000000000000001961
1790008851001100000000000000000001971
1790008851001100000000000000000001988
1790008851001100000000000000000001996
1790008851001100000000000000000002003
1790008851001100000000000000000002011
1790008851001100000000000000000002021
1790008851001100000000000000000002038
1790008851001100000000000000000002046
1790008851001100000000000000000002054
1790008851001100000000000000000002062
1790008851001100000000000000000002070
1790008851001100000000000000000002089
1790008851001100000000000000000002097
1790008851001100000000000000000002100
1790008851001100000000000000000002119
1790008851001100000000000000000002127
1790008851001100000000000000000002135
1790008851001100000000000000000002143
1790008851001100000000000000000002151
1790008851001100000000000000000002161
1790008851001100000000000000000002178
1790008851001100000000000000000002186
1790008851001100000000000000000002194
1790008851001100000000000000000002208
1790008851001100000000000000000002216
1790008851001100000000000000000002224
1790008851001100000000000000000002232
1790008851001100000000000000000002240
1790008851001100000000000000000002259
1790008851001100000000000000000002267
1790008851001100000000000000000002275
1790008851001100000000000000000002283
1790008851001100000000000000000002291
1790008851001100000000000000000002305
1790008851001100000000000000000002313
1790008851001100000000000000000002321
1790008851001100000000000000000002331
1790008851001100000000000000000002348
1790008851001100000000000000000002356
1790008851001100000000000000000002364
1790008851001100000000000000000002372
1790008851001100000000000000000002380
1790008851001100000000000000000002399
1790008851001100000000000000000002402
1790008851001100000000000000000002410
1790008851001100000000000000000002429
1790008851001100000000000000000002437
1790008851001100000000000000000002445
1790008851001100000000000000000002453
1790008851001100000000000000000002461
1790008851001100000000000000000002471
1790008851001100000000000000000002488
1790008851001100000000000000000002496
1790008851001100000000000000000002501
1790008851001100000000000000000002518
1790008851001100000000000000000002526
1790008851001100000000000000000002534
1790008851001100000000000000000002542
1790008851001100000000000000000002550
1790008851001100000000000000000002569
1790008851001100000000000000000002577
1790008851001100000000000000000002585
1790008851001100000000000000000002593
1790008851001100000000000000000002607
1790008851001100000000000000000002615
1790008851001100000000000000000002623
1790008851001100000000000000000002631
1790008851001100000000000000000002641
1790008851001100000000000000000002658
1790008851001100000000000000000002666
1790008851001100000000000000000002674
1790008851001100000000000000000002682
1790008851001100000000000000000002690
1790008851001100000000000000000002704
1790008851001100000000000000000002712
1790008851001100000000000000000002720
1790008851001100000000000000000002739
1790008851001100000000000000000002747
1790008851001100000000000000000002755
1790008851001100000000000000000002763
1790008851001100000000000000000002771
1790008851001100000000000000000002781
1790008851001100000000000000000002798
1790008851001100000000000000000002801
1790008851001100000000000000000002811
1790008851001100000000000000000002828
1790008851001100000000000000000002836
1790008851001100000000000000000002844
1790008851001100000000000000000002852
1790008851001100000000000000000002860
1790008851001100000000000000000002879
1790008851001100000000000000000002887
1790008851001100000000000000000002895
1790008851001100000000000000000002909
1790008851001100000000000000000002917
1790008851001100000000000000000002925
1790008851001100000000000000000002933
1790008851001100000000000000000002941
1790008851001100000000000000000002951
1790008851001100000000000000000002968
1790008851001100000000000000000002976
1790008851001100000000000000000002984
1790008851001100000000000000000002992
1790008851001100000000000000000003001
1790008851001100000000000000000003018
1790008851001100000000000000000003026
1790008851001100000000000000000003034
1790008851001100000000000000000003042
1790008851001100000000000000000003050
1790008851001100000000000000000003069
1790008851001100000000000000000003077
1790008851001100000000000000000003085
1790008851001100000000000000000003093
1790008851001100000000000000000003107
1790008851001100000000000000000003115
1790008851001100000000000000000003123
1790008851001100000000000000000003131
1790008851001100000000000000000003141
1790008851001100000000000000000003158
1790008851001100000000000000000003166
1790008851001100000000000000000003174
1790008851001100000000000000000003182
1790008851001100000000000000000003190
1790008851001100000000000000000003204
1790008851001100000000000000000003212
1790008851001100000000000000000003220
1790008851001100000000000000000003239
1790008851001100000000000000000003247
1790008851001100000000000000000003255
1790008851001100000000000000000003263
1790008851001100000000000000000003271
1790008851001100000000000000000003281
1790008851001100000000000000000003298
1790008851001100000000000000000003301
1790008851001100000000000000000003311
1790008851001100000000000000000003328
1790008851001100000000000000000003336
1790008851001100000000000000000003344
1790008851001100000000000000000003352
1790008851001100000000000000000003360
1790008851001100000000000000000003409
1790008851001100000000000000000003379
1790008851001100000000000000000003387
1790008851001100000000000000000003395
1790008851001100000000000000000003417
1790008851001100000000000000000003425
1790008851001100000000000000000003433
1790008851001100000000000000000003441
1790008851001100000000000000000003451
1790008851001100000000000000000003468
1790008851001100000000000000000003476
1790008851001100000000000000000003484
1790008851001100000000000000000003492
1790008851001100000000000000000003506
1790008851001100000000000000000003514
1790008851001100000000000000000003522
1790008851001100000000000000000003530
1790008851001100000000000000000003549
1790008851001100000000000000000003557
1790008851001100000000000000000003565
1790008851001100000000000000000003573
1790008851001100000000000000000003581
1790008851001100000000000000000003591
1790008851001100000000000000000003603
1790008851001100000000000000000003611
1790008851001100000000000000000003621
1790008851001100000000000000000003638
1790008851001100000000000000000003646
1790008851001100000000000000000003654
1790008851001100000000000000000003662
1790008851001100000000000000000003670
1790008851001100000000000000000003689
1790008851001100000000000000000003697
1790008851001100000000000000000003700
1790008851001100000000000000000003719
1790008851001100000000000000000003727
1790008851001100000000000000000003735
1790008851001100000000000000000003743
1790008851001100000000000000000003751
1790008851001100000000000000000003761
1790008851001100000000000000000003778
1790008851001100000000000000000003786
1790008851001100000000000000000003794
1790008851001100000000000000000003808
1790008851001100000000000000000003816
1790008851001100000000000000000003824
1790008851001100000000000000000003832
1790008851001100000000000000000003840
1790008851001100000000000000000003859
1790008851001100000000000000000003867
1790008851001100000000000000000003875
1790008851001100000000000000000003883
1790008851001100000000000000000003891
1790008851001100000000000000000003905
1790008851001100000000000000000003913
1790008851001100000000000000000003921
1790008851001100000000000000000003931
1790008851001100000000000000000003948
1790008851001100000000000000000003956
1790008851001100000000000000000003964
1790008851001100000000000000000003972
1790008851001100000000000000000003980
1790008851001100000000000000000003999
1790008851001100000000000000000004006
1790008851001100000000000000000004014
1790008851001100000000000000000004022
1790008851001100000000000000000004030
1790008851001100000000000000000004049
1790008851001100000000000000000004057
1790008851001100000000000000000004065
1790008851001100000000000000000004073
1790008851001100000000000000000004081
1790008851001100000000000000000004091
1790008851001100000000000000000004103
1790008851001100000000000000000004111
1790008851001100000000000000000004121
1790008851001100000000000000000004138
1790008851001100000000000000000004146
1790008851001100000000000000000004154
1790008851001100000000000000000004162
1790008851001100000000000000000004170
1790008851001100000000000000000004189
1790008851001100000000000000000004197
1790008851001100000000000000000004200
1790008851001100000000000000000004219
1790008851001100000000000000000004227
1790008851001100000000000000000004235
1790008851001100000000000000000004243
1790008851001100000000000000000004251
1790008851001100000000000000000004261
1790008851001100000000000000000004278
1790008851001100000000000000000004286
1790008851001100000000000000000004294
1790008851001100000000000000000004308
1790008851001100000000000000000004316
1790008851001100000000000000000004324
1790008851001100000000000000000004332
1790008851001100000000000000000004340
1790008851001100000000000000000004359
1790008851001100000000000000000004367
1790008851001100000000000000000004375
1790008851001100000000000000000004383
1790008851001100000000000000000004391
1790008851001100000000000000000004405
1790008851001100000000000000000004413
1790008851001100000000000000000004421
1790008851001100000000000000000004431
1790008851001100000000000000000004448
1790008851001100000000000000000004456
1790008851001100000000000000000004464
1790008851001100000000000000000004472
1790008851001100000000000000000004480
1790008851001100000000000000000004499
1790008851001100000000000000000004502
1790008851001100000000000000000004510
1790008851001100000000000000000004529
1790008851001100000000000000000004537
1790008851001100000000000000000004545
1790008851001100000000000000000004553
1790008851001100000000000000000004561
1790008851001100000000000000000004571
1790008851001100000000000000000004588
1790008851001100000000000000000004596
1790008851001100000000000000000004601
1790008851001100000000000000000004618
1790008851001100000000000000000004626
1790008851001100000000000000000004634
1790008851001100000000000000000004642
1790008851001100000000000000000004650
1790008851001100000000000000000004669
1790008851001100000000000000000004677
1790008851001100000000000000000004685
1790008851001100000000000000000004693
1790008851001100000000000000000004707
1790008851001100000000000000000004715
1790008851001100000000000000000004723
1790008851001100000000000000000004731
1790008851001100000000000000000004741
1790008851001100000000000000000004758
1790008851001100000000000000000004766
1790008851001100000000000000000004774
1790008851001100000000000000000004782
1790008851001100000000000000000004790
1790008851001100000000000000000004804
1790008851001100000000000000000004812
1790008851001100000000000000000004820
1790008851001100000000000000000004839
1790008851001100000000000000000004847
1790008851001100000000000000000004881
1790008851001100000000000000000004855
1790008851001100000000000000000004863
1790008851001100000000000000000004871
1790008851001100000000000000000004898
1790008851001100000000000000000004901
1790008851001100000000000000000004911
1790008851001100000000000000000004928
1790008851001100000000000000000004936
1790008851001100000000000000000004944
1790008851001100000000000000000004952
1790008851001100000000000000000004960
1790008851001100000000000000000004979
1790008851001100000000000000000004987
1790008851001100000000000000000004995
1790008851001100000000000000000005002
1790008851001100000000000000000005010
1790008851001100000000000000000005029
1790008851001100000000000000000005037
1790008851001100000000000000000005045
1790008851001100000000000000000005053
1790008851001100000000000000000005061
1790008851001100000000000000000005071
1790008851001100000000000000000005088
1790008851001100000000000000000005096
1790008851001100000000000000000005101
1790008851001100000000000000000005118
1790008851001100000000000000000005126
1790008851001100000000000000000005134
1790008851001100000000000000000005142
1790008851001100000000000000000005150
1790008851001100000000000000000005169
1790008851001100000000000000000005177
1790008851001100000000000000000005185
1790008851001100000000000000000005193
1790008851001100000000000000000005207
1790008851001100000000000000000005215
1790008851001100000000000000000005223
1790008851001100000000000000000005231
1790008851001100000000000000000005241
1790008851001100000000000000000005258
1790008851001100000000000000000005266
1790008851001100000000000000000005274
1790008851001100000000000000000005282
1790008851001100000000000000000005290
1790008851001100000000000000000005304
1790008851001100000000000000000005312
1790008851001100000000000000000005320
1790008851001100000000000000000005339
1790008851001100000000000000000005347
1790008851001100000000000000000005355
1790008851001100000000000000000005363
1790008851001100000000000000000005371
1790008851001100000000000000000005381
1790008851001100000000000000000005398
1790008851001100000000000000000005401
1790008851001100000000000000000005411
1790008851001100000000000000000005428
1790008851001100000000000000000005436
1790008851001100000000000000000005444
1790008851001100000000000000000005452
1790008851001100000000000000000005460
1790008851001100000000000000000005479
1790008851001100000000000000000005487
1790008851001100000000000000000005495
1790008851001100000000000000000005509
1790008851001100000000000000000005517
1790008851001100000000000000000005525
1790008851001100000000000000000005533
1790008851001100000000000000000005541
1790008851001100000000000000000005551
1790008851001100000000000000000005568
1790008851001100000000000000000005576
1790008851001100000000000000000005584
1790008851001100000000000000000005592
1790008851001100000000000000000005606
1790008851001100000000000000000005614
1790008851001100000000000000000005622
1790008851001100000000000000000005630
1790008851001100000000000000000005649
1790008851001100000000000000000005657
1790008851001100000000000000000005665
1790008851001100000000000000000005673
1790008851001100000000000000000005681
1790008851001100000000000000000005691
1790008851001100000000000000000005703
1790008851001100000000000000000005711
1790008851001100000000000000000005721
1790008851001100000000000000000005738
1790008851001100000000000000000005746
1790008851001100000000000000000005754
1790008851001100000000000000000005762
1790008851001100000000000000000005770
1790008851001100000000000000000005789
1790008851001100000000000000000005797
1790008851001100000000000000000005800
1790008851001100000000000000000005819
1790008851001100000000000000000005827
1790008851001100000000000000000005835
1790008851001100000000000000000005843
1790008851001100000000000000000005851
1790008851001100000000000000000005861
1790008851001100000000000000000005878
1790008851001100000000000000000005886
1790008851001100000000000000000005894
1790008851001100000000000000000005908
1790008851001100000000000000000005916
1790008851001100000000000000000005924
1790008851001100000000000000000005932
1790008851001100000000000000000005940
1790008851001100000000000000000005959
1790008851001100000000000000000005967
1790008851001100000000000000000005975
1790008851001100000000000000000005983
1790008851001100000000000000000005991
1790008851001100000000000000000006009
1790008851001100000000000000000006017
1790008851001100000000000000000006025
1790008851001100000000000000000006033
1790008851001100000000000000000006041
1790008851001100000000000000000006051
1790008851001100000000000000000006068
1790008851001100000000000000000006076
1790008851001100000000000000000006084
1790008851001100000000000000000006092
1790008851001100000000000000000006106
1790008851001100000000000000000006114
1790008851001100000000000000000006122
1790008851001100000000000000000006130
1790008851001100000000000000000006149
1790008851001100000000000000000006157
1790008851001100000000000000000006165
1790008851001100000000000000000006173
1790008851001100000000000000000006181
1790008851001100000000000000000006191
1790008851001100000000000000000006203
1790008851001100000000000000000006211
1790008851001100000000000000000006221
1790008851001100000000000000000006238
1790008851001100000000000000000006246
1790008851001100000000000000000006254
1790008851001100000000000000000006262
1790008851001100000000000000000006270
1790008851001100000000000000000006289
1790008851001100000000000000000006297
1790008851001100000000000000000006300
1790008851001100000000000000000006319
1790008851001100000000000000000006327
1790008851001100000000000000000006361
1790008851001100000000000000000006335
1790008851001100000000000000000006343
1790008851001100000000000000000006351
1790008851001100000000000000000006378
1790008851001100000000000000000006386
1790008851001100000000000000000006394
1790008851001100000000000000000006408
1790008851001100000000000000000006416
1790008851001100000000000000000006424
1790008851001100000000000000000006432
1790008851001100000000000000000006440
1790008851001100000000000000000006459
1790008851001100000000000000000006467
1790008851001100000000000000000006475
1790008851001100000000000000000006483
1790008851001100000000000000000006491
1790008851001100000000000000000006505
1790008851001100000000000000000006513
1790008851001100000000000000000006521
1790008851001100000000000000000006531
1790008851001100000000000000000006548
1790008851001100000000000000000006556
1790008851001100000000000000000006564
1790008851001100000000000000000006572
1790008851001100000000000000000006580
1790008851001100000000000000000006599
1790008851001100000000000000000006602
1790008851001100000000000000000006610
1790008851001100000000000000000006629
1790008851001100000000000000000006637
1790008851001100000000000000000006645
1790008851001100000000000000000006653
1790008851001100000000000000000006661
1790008851001100000000000000000006671
1790008851001100000000000000000006688
1790008851001100000000000000000006696
1790008851001100000000000000000006701
1790008851001100000000000000000006718
1790008851001100000000000000000006726
1790008851001100000000000000000006734
1790008851001100000000000000000006742
1790008851001100000000000000000006750
1790008851001100000000000000000006769
1790008851001100000000000000000006777
1790008851001100000000000000000006785
1790008851001100000000000000000006793
1790008851001100000000000000000006807
1790008851001100000000000000000006815
1790008851001100000000000000000006823
1790008851001100000000000000000006831
1790008851001100000000000000000006841
1790008851001100000000000000000006858
1790008851001100000000000000000006866
1790008851001100000000000000000006874
1790008851001100000000000000000006882
1790008851001100000000000000000006890
1790008851001100000000000000000006904
1790008851001100000000000000000006912
1790008851001100000000000000000006920
1790008851001100000000000000000006939
1790008851001100000000000000000006947
1790008851001100000000000000000006955
1790008851001100000000000000000006963
1790008851001100000000000000000006971
1790008851001100000000000000000006981
1790008851001100000000000000000006998
1790008851001100000000000000000007005
1790008851001100000000000000000007013
1790008851001100000000000000000007021
1790008851001100000000000000000007031
1790008851001100000000000000000007048
1790008851001100000000000000000007056
1790008851001100000000000000000007064
1790008851001100000000000000000007072
1790008851001100000000000000000007080
1790008851001100000000000000000007099
1790008851001100000000000000000007102
1790008851001100000000000000000007110
1790008851001100000000000000000007129
1790008851001100000000000000000007137
1790008851001100000000000000000007145
1790008851001100000000000000000007153
1790008851001100000000000000000007161
1790008851001100000000000000000007171
1790008851001100000000000000000007188
1790008851001100000000000000000007196
1790008851001100000000000000000007201
1790008851001100000000000000000007218
1790008851001100000000000000000007226
1790008851001100000000000000000007234
1790008851001100000000000000000007242
1790008851001100000000000000000007250
1790008851001100000000000000000007269
1790008851001100000000000000000007277
1790008851001100000000000000000007285
1790008851001100000000000000000007293
1790008851001100000000000000000007307
1790008851001100000000000000000007315
1790008851001100000000000000000007323
1790008851001100000000000000000007331
1790008851001100000000000000000007341
1790008851001100000000000000000007358
1790008851001100000000000000000007366
1790008851001100000000000000000007374
1790008851001100000000000000000007382
1790008851001100000000000000000007390
1790008851001100000000000000000007404
1790008851001100000000000000000007412
1790008851001100000000000000000007420
1790008851001100000000000000000007439
1790008851001100000000000000000007447
1790008851001100000000000000000007455
1790008851001100000000000000000007463
1790008851001100000000000000000007471
1790008851001100000000000000000007481
1790008851001100000000000000000007498
1790008851001100000000000000000007501
1790008851001100000000000000000007511
1790008851001100000000000000000007528
1790008851001100000000000000000007536
1790008851001100000000000000000007544
1790008851001100000000000000000007552
1790008851001100000000000000000007560
1790008851001100000000000000000007579
1790008851001100000000000000000007587
1790008851001100000000000000000007595
1790008851001100000000000000000007609
1790008851001100000000000000000007617
1790008851001100000000000000000007625
1790008851001100000000000000000007633
1790008851001100000000000000000007641
1790008851001100000000000000000007651
1790008851001100000000000000000007668
1790008851001100000000000000000007676
1790008851001100000000000000000007684
1790008851001100000000000000000007692
1790008851001100000000000000000007706
1790008851001100000000000000000007714
1790008851001100000000000000000007722
1790008851001100000000000000000007730
1790008851001100000000000000000007749
1790008851001100000000000000000007757
1790008851001100000000000000000007765
1790008851001100000000000000000007773
1790008851001100000000000000000007781
1790008851001100000000000000000007791
1790008851001100000000000000000007803
1790008851001100000000000000000007811
1790008851001100000000000000000007821
1790008851001100000000000000000007838
1790008851001100000000000000000007846
1790008851001100000000000000000007854
1790008851001100000000000000000007862
1790008851001100000000000000000007870
1790008851001100000000000000000007889
1790008851001100000000000000000007897
1790008851001100000000000000000007900
1790008851001100000000000000000007919
1790008851001100000000000000000007927
1790008851001100000000000000000007935
1790008851001100000000000000000007943
1790008851001100000000000000000007951
1790008851001100000000000000000007961
1790008851001100000000000000000007978
1790008851001100000000000000000007986
1790008851001100000000000000000007994
1790008851001100000000000000000008001
1790008851001100000000000000000008011
1790008851001100000000000000000008028
1790008851001100000000000000000008036
1790008851001100000000000000000008044
1790008851001100000000000000000008052
1790008851001100000000000000000008060
1790008851001100000000000000000008079
1790008851001100000000000000000008087
1790008851001100000000000000000008095
1790008851001100000000000000000008109
1790008851001100000000000000000008117
1790008851001100000000000000000008125
1790008851001100000000000000000008133
1790008851001100000000000000000008141
1790008851001100000000000000000008151
1790008851001100000000000000000008168
1790008851001100000000000000000008176
1790008851001100000000000000000008184
1790008851001100000000000000000008192
1790008851001100000000000000000008206
1790008851001100000000000000000008214
1790008851001100000000000000000008222
1790008851001100000000000000000008230
1790008851001100000000000000000008249
1790008851001100000000000000000008257
1790008851001100000000000000000008265
1790008851001100000000000000000008273
1790008851001100000000000000000008281
1790008851001100000000000000000008291
1790008851001100000000000000000008303
1790008851001100000000000000000008311
1790008851001100000000000000000008321
1790008851001100000000000000000008338
1790008851001100000000000000000008346
1790008851001100000000000000000008354
1790008851001100000000000000000008362
1790008851001100000000000000000008370
1790008851001100000000000000000008389
1790008851001100000000000000000008397
1790008851001100000000000000000008400
1790008851001100000000000000000008419
1790008851001100000000000000000008427
1790008851001100000000000000000008435
1790008851001100000000000000000008443
1790008851001100000000000000000008451
1790008851001100000000000000000008461
1790008851001100000000000000000008478
1790008851001100000000000000000008486
1790008851001100000000000000000008494
1790008851001100000000000000000008508
1790008851001100000000000000000008516
1790008851001100000000000000000008524
1790008851001100000000000000000008532
1790008851001100000000000000000008540
1790008851001100000000000000000008559
1790008851001100000000000000000008567
1790008851001100000000000000000008575
1790008851001100000000000000000008583
1790008851001100000000000000000008591
1790008851001100000000000000000008605
1790008851001100000000000000000008613
1790008851001100000000000000000008621
1790008851001100000000000000000008631
1790008851001100000000000000000008648
1790008851001100000000000000000008656
1790008851001100000000000000000008664
1790008851001100000000000000000008672
1790008851001100000000000000000008680
1790008851001100000000000000000008699
1790008851001100000000000000000008702
1790008851001100000000000000000008710
1790008851001100000000000000000008729
1790008851001100000000000000000008737
1790008851001100000000000000000008745
1790008851001100000000000000000008753
1790008851001100000000000000000008761
1790008851001100000000000000000008771
1790008851001100000000000000000008788
1790008851001100000000000000000008796
1790008851001100000000000000000008801
1790008851001100000000000000000008818
1790008851001100000000000000000008826
1790008851001100000000000000000008834
1790008851001100000000000000000008842
1790008851001100000000000000000008850
1790008851001100000000000000000008869
1790008851001100000000000000000008877
1790008851001100000000000000000008885
1790008851001100000000000000000008893
1790008851001100000000000000000008907
1790008851001100000000000000000008915
1790008851001100000000000000000008923
1790008851001100000000000000000008931
1790008851001100000000000000000008941
1790008851001100000000000000000008958
1790008851001100000000000000000008966
1790008851001100000000000000000008974
1790008851001100000000000000000008982
1790008851001100000000000000000008990
1790008851001100000000000000000009008
1790008851001100000000000000000009016
1790008851001100000000000000000009024
1790008851001100000000000000000009032
1790008851001100000000000000000009040
1790008851001100000000000000000009059
1790008851001100000000000000000009067
1790008851001100000000000000000009075
1790008851001100000000000000000009083
1790008851001100000000000000000009091
1790008851001100000000000000000009105
1790008851001100000000000000000009113
1790008851001100000000000000000009121
1790008851001100000000000000000009131
1790008851001100000000000000000009148
1790008851001100000000000000000009156
1790008851001100000000000000000009164
1790008851001100000000000000000009172
1790008851001100000000000000000009180
1790008851001100000000000000000009199
1790008851001100000000000000000009202
1790008851001100000000000000000009210
1790008851001100000000000000000009229
1790008851001100000000000000000009237
1790008851001100000000000000000009245
1790008851001100000000000000000009253
1790008851001100000000000000000009261
1790008851001100000000000000000009271
1790008851001100000000000000000009288
1790008851001100000000000000000009318
1790008851001100000000000000000009296
1790008851001100000000000000000009301
1790008851001100000000000000000009326
1790008851001100000000000000000009334
1790008851001100000000000000000009342
1790008851001100000000000000000009350
1790008851001100000000000000000009369
1790008851001100000000000000000009377
1790008851001100000000000000000009385
1790008851001100000000000000000009393
1790008851001100000000000000000009407
1790008851001100000000000000000009415
1790008851001100000000000000000009423
1790008851001100000000000000000009431
1790008851001100000000000000000009441
1790008851001100000000000000000009458
1790008851001100000000000000000009466
1790008851001100000000000000000009474
1790008851001100000000000000000009482
1790008851001100000000000000000009490
1790008851001100000000000000000009504
1790008851001100000000000000000009512
1790008851001100000000000000000009520
1790008851001100000000000000000009539
1790008851001100000000000000000009547
1790008851001100000000000000000009555
1790008851001100000000000000000009563
1790008851001100000000000000000009571
1790008851001100000000000000000009581
1790008851001100000000000000000009598
1790008851001100000000000000000009601
1790008851001100000000000000000009611
1790008851001100000000000000000009628
1790008851001100000000000000000009636
1790008851001100000000000000000009644
1790008851001100000000000000000009652
1790008851001100000000000000000009660
1790008851001100000000000000000009679
1790008851001100000000000000000009687
1790008851001100000000000000000009695
1790008851001100000000000000000009709
1790008851001100000000000000000009717
1790008851001100000000000000000009725
1790008851001100000000000000000009733
1790008851001100000000000000000009741
1790008851001100000000000000000009751
1790008851001100000000000000000009768
1790008851001100000000000000000009776
1790008851001100000000000000000009784
1790008851001100000000000000000009792
1790008851001100000000000000000009806
1790008851001100000000000000000009814
1790008851001100000000000000000009822
1790008851001100000000000000000009830
1790008851001100000000000000000009849
1790008851001100000000000000000009857
1790008851001100000000000000000009865
1790008851001100000000000000000009873
1790008851001100000000000000000009881
1790008851001100000000000000000009891
1790008851001100000000000000000009903
1790008851001100000000000000000009911
1790008851001100000000000000000009921
1790008851001100000000000000000009938
1790008851001100000000000000000009946
1790008851001100000000000000000009954
1790008851001100000000000000000009962
1790008851001100000000000000000009970
1790008851001100000000000000000009989
1790008851001100000000000000000009997
1790008851001100000000000000000010006
